{
 "cells": [
  {
   "cell_type": "code",
   "execution_count": 167,
   "metadata": {},
   "outputs": [
    {
     "data": {
      "text/plain": [
       "True"
      ]
     },
     "execution_count": 167,
     "metadata": {},
     "output_type": "execute_result"
    }
   ],
   "source": [
    "#coding:utf-8\n",
    "import pylab\n",
    "from PIL import Image,ImageDraw\n",
    "import matplotlib.pyplot as plt\n",
    "import numpy as np\n",
    "import cv2\n",
    "import math\n",
    "import copy\n",
    "\n",
    "#画像の読み込み\n",
    "test = cv2.imread(\"./Img/input.jpg\", cv2.IMREAD_COLOR)#BGRなので気をつける\n",
    "gray_test = cv2.imread(\"./Img/input.jpg\",cv2.IMREAD_GRAYSCALE)\n",
    "width = test.shape[1]\n",
    "height = test.shape[0] \n",
    "\n",
    "#画像の書き出し\n",
    "cv2.imwrite('./Img/test.jpg', test)\n",
    "cv2.imwrite('./Img/gray_test.jpg',gray_test)\n",
    "\n"
   ]
  },
  {
   "cell_type": "code",
   "execution_count": 168,
   "metadata": {},
   "outputs": [
    {
     "data": {
      "text/plain": [
       "array([[  12.,   49.],\n",
       "       [  97.,  173.],\n",
       "       [  24.,   27.],\n",
       "       [  62.,  143.],\n",
       "       [  56.,   24.],\n",
       "       [  42.,  105.],\n",
       "       [  96.,   46.],\n",
       "       [  30.,   57.],\n",
       "       [ 125.,   78.],\n",
       "       [  34.,   31.],\n",
       "       [ 151.,  114.],\n",
       "       [  48.,   23.],\n",
       "       [ 178.,  150.],\n",
       "       [  94.,   36.],\n",
       "       [ 174.,  175.],\n",
       "       [ 137.,   73.],\n",
       "       [ 136.,  172.],\n",
       "       [ 158.,  113.],\n",
       "       [ 100.,  150.],\n",
       "       [ 165.,  148.],\n",
       "       [  62.,  120.],\n",
       "       [ 158.,  172.],\n",
       "       [  32.,   85.],\n",
       "       [ 136.,  185.]])"
      ]
     },
     "execution_count": 168,
     "metadata": {},
     "output_type": "execute_result"
    }
   ],
   "source": [
    "#学習用テストケース\n",
    "shape = np.zeros((24,2))\n",
    "shape[:,0] = [12,97,24,62,56,42,96,30,125,34,151,48,178,94,174,137,136,158,100,165,62,158,32,136]\n",
    "shape[:,1] = [49,173,27,143,24,105,46,57,78,31,114,23,150,36,175,73,172,113,150,148,120,172,85,185]\n",
    "\n",
    "# shape = np.zeros((4,2))\n",
    "# shape[:,0] = [1,1,1,2]\n",
    "# shape[:,1] = [3,3,3,4]\n",
    "shape"
   ]
  },
  {
   "cell_type": "code",
   "execution_count": 169,
   "metadata": {},
   "outputs": [
    {
     "data": {
      "text/plain": [
       "True"
      ]
     },
     "execution_count": 169,
     "metadata": {},
     "output_type": "execute_result"
    }
   ],
   "source": [
    "#テスト用\n",
    "black = np.zeros((200,200))\n",
    "N = int(len(shape[:,0])/2)\n",
    "for i in range(0,int(N)):\n",
    "    x = int(shape[2*i][0])\n",
    "    y = int(shape[2*i+1][0])\n",
    "    x2 = int(shape[(2*(i+1))%(2*N)][0])\n",
    "    y2 = int(shape[(2*(i+1)+1)%(2*N)][0])\n",
    "    black = cv2.line(black, (y,x), (y2,x2), (255, 255, 255), 2)\n",
    "cv2.imwrite('./Img/black.jpg' ,black)\n",
    "\n",
    "black = np.zeros((200,200))\n",
    "N = int(len(shape[:,1])/2)\n",
    "for i in range(0,int(N)):\n",
    "    x = int(shape[2*i][1])\n",
    "    y = int(shape[2*i+1][1])\n",
    "    x2 = int(shape[(2*i+2)%(2*N)][1])\n",
    "    y2 = int(shape[(2*i+3)%(2*N)][1])\n",
    "    black = cv2.line(black, (y,x), (y2,x2), (255, 255, 255), 2)\n",
    "cv2.imwrite('./Img/black2.jpg' ,black)"
   ]
  },
  {
   "cell_type": "code",
   "execution_count": 170,
   "metadata": {},
   "outputs": [
    {
     "name": "stdout",
     "output_type": "stream",
     "text": [
      "[  30.5  135.    25.5  102.5   40.    73.5   71.    43.5  101.5   32.5\n",
      "  132.5   35.5  164.    65.   174.5  105.   154.   135.5  125.   156.5\n",
      "   91.   165.    58.5  160.5]\n"
     ]
    }
   ],
   "source": [
    "black = np.zeros((200,200))\n",
    "shape_ave = (shape[:,0]+shape[:,1])/2\n",
    "for i in range(0,int(N)):\n",
    "    x = int(shape_ave[2*i])\n",
    "    y = int(shape_ave[2*i+1])\n",
    "    x2 = int(shape_ave[(2*(i+1))%(2*N)])\n",
    "    y2 = int(shape_ave[(2*(i+1)+1)%(2*N)])\n",
    "    black = cv2.line(black, (y,x), (y2,x2), (255, 255, 255), 2)\n",
    "cv2.imwrite('./Img/blackave.jpg' ,black)\n",
    "print(shape_ave)"
   ]
  },
  {
   "cell_type": "code",
   "execution_count": 183,
   "metadata": {},
   "outputs": [
    {
     "name": "stdout",
     "output_type": "stream",
     "text": [
      "[[  6.84500000e+02   1.40600000e+03   5.55000000e+01   1.49850000e+03\n",
      "   -5.92000000e+02   1.16550000e+03  -9.25000000e+02   4.99500000e+02\n",
      "   -8.69500000e+02  -5.55000000e+01  -6.84500000e+02  -4.62500000e+02\n",
      "   -5.18000000e+02  -1.07300000e+03   1.85000000e+01  -1.18400000e+03\n",
      "    6.66000000e+02  -8.32500000e+02   9.25000000e+02  -3.14500000e+02\n",
      "    1.07300000e+03   2.59000000e+02   9.80500000e+02   9.06500000e+02]\n",
      " [  1.40600000e+03   2.88800000e+03   1.14000000e+02   3.07800000e+03\n",
      "   -1.21600000e+03   2.39400000e+03  -1.90000000e+03   1.02600000e+03\n",
      "   -1.78600000e+03  -1.14000000e+02  -1.40600000e+03  -9.50000000e+02\n",
      "   -1.06400000e+03  -2.20400000e+03   3.80000000e+01  -2.43200000e+03\n",
      "    1.36800000e+03  -1.71000000e+03   1.90000000e+03  -6.46000000e+02\n",
      "    2.20400000e+03   5.32000000e+02   2.01400000e+03   1.86200000e+03]\n",
      " [  5.55000000e+01   1.14000000e+02   4.50000000e+00   1.21500000e+02\n",
      "   -4.80000000e+01   9.45000000e+01  -7.50000000e+01   4.05000000e+01\n",
      "   -7.05000000e+01  -4.50000000e+00  -5.55000000e+01  -3.75000000e+01\n",
      "   -4.20000000e+01  -8.70000000e+01   1.50000000e+00  -9.60000000e+01\n",
      "    5.40000000e+01  -6.75000000e+01   7.50000000e+01  -2.55000000e+01\n",
      "    8.70000000e+01   2.10000000e+01   7.95000000e+01   7.35000000e+01]\n",
      " [  1.49850000e+03   3.07800000e+03   1.21500000e+02   3.28050000e+03\n",
      "   -1.29600000e+03   2.55150000e+03  -2.02500000e+03   1.09350000e+03\n",
      "   -1.90350000e+03  -1.21500000e+02  -1.49850000e+03  -1.01250000e+03\n",
      "   -1.13400000e+03  -2.34900000e+03   4.05000000e+01  -2.59200000e+03\n",
      "    1.45800000e+03  -1.82250000e+03   2.02500000e+03  -6.88500000e+02\n",
      "    2.34900000e+03   5.67000000e+02   2.14650000e+03   1.98450000e+03]\n",
      " [ -5.92000000e+02  -1.21600000e+03  -4.80000000e+01  -1.29600000e+03\n",
      "    5.12000000e+02  -1.00800000e+03   8.00000000e+02  -4.32000000e+02\n",
      "    7.52000000e+02   4.80000000e+01   5.92000000e+02   4.00000000e+02\n",
      "    4.48000000e+02   9.28000000e+02  -1.60000000e+01   1.02400000e+03\n",
      "   -5.76000000e+02   7.20000000e+02  -8.00000000e+02   2.72000000e+02\n",
      "   -9.28000000e+02  -2.24000000e+02  -8.48000000e+02  -7.84000000e+02]\n",
      " [  1.16550000e+03   2.39400000e+03   9.45000000e+01   2.55150000e+03\n",
      "   -1.00800000e+03   1.98450000e+03  -1.57500000e+03   8.50500000e+02\n",
      "   -1.48050000e+03  -9.45000000e+01  -1.16550000e+03  -7.87500000e+02\n",
      "   -8.82000000e+02  -1.82700000e+03   3.15000000e+01  -2.01600000e+03\n",
      "    1.13400000e+03  -1.41750000e+03   1.57500000e+03  -5.35500000e+02\n",
      "    1.82700000e+03   4.41000000e+02   1.66950000e+03   1.54350000e+03]\n",
      " [ -9.25000000e+02  -1.90000000e+03  -7.50000000e+01  -2.02500000e+03\n",
      "    8.00000000e+02  -1.57500000e+03   1.25000000e+03  -6.75000000e+02\n",
      "    1.17500000e+03   7.50000000e+01   9.25000000e+02   6.25000000e+02\n",
      "    7.00000000e+02   1.45000000e+03  -2.50000000e+01   1.60000000e+03\n",
      "   -9.00000000e+02   1.12500000e+03  -1.25000000e+03   4.25000000e+02\n",
      "   -1.45000000e+03  -3.50000000e+02  -1.32500000e+03  -1.22500000e+03]\n",
      " [  4.99500000e+02   1.02600000e+03   4.05000000e+01   1.09350000e+03\n",
      "   -4.32000000e+02   8.50500000e+02  -6.75000000e+02   3.64500000e+02\n",
      "   -6.34500000e+02  -4.05000000e+01  -4.99500000e+02  -3.37500000e+02\n",
      "   -3.78000000e+02  -7.83000000e+02   1.35000000e+01  -8.64000000e+02\n",
      "    4.86000000e+02  -6.07500000e+02   6.75000000e+02  -2.29500000e+02\n",
      "    7.83000000e+02   1.89000000e+02   7.15500000e+02   6.61500000e+02]\n",
      " [ -8.69500000e+02  -1.78600000e+03  -7.05000000e+01  -1.90350000e+03\n",
      "    7.52000000e+02  -1.48050000e+03   1.17500000e+03  -6.34500000e+02\n",
      "    1.10450000e+03   7.05000000e+01   8.69500000e+02   5.87500000e+02\n",
      "    6.58000000e+02   1.36300000e+03  -2.35000000e+01   1.50400000e+03\n",
      "   -8.46000000e+02   1.05750000e+03  -1.17500000e+03   3.99500000e+02\n",
      "   -1.36300000e+03  -3.29000000e+02  -1.24550000e+03  -1.15150000e+03]\n",
      " [ -5.55000000e+01  -1.14000000e+02  -4.50000000e+00  -1.21500000e+02\n",
      "    4.80000000e+01  -9.45000000e+01   7.50000000e+01  -4.05000000e+01\n",
      "    7.05000000e+01   4.50000000e+00   5.55000000e+01   3.75000000e+01\n",
      "    4.20000000e+01   8.70000000e+01  -1.50000000e+00   9.60000000e+01\n",
      "   -5.40000000e+01   6.75000000e+01  -7.50000000e+01   2.55000000e+01\n",
      "   -8.70000000e+01  -2.10000000e+01  -7.95000000e+01  -7.35000000e+01]\n",
      " [ -6.84500000e+02  -1.40600000e+03  -5.55000000e+01  -1.49850000e+03\n",
      "    5.92000000e+02  -1.16550000e+03   9.25000000e+02  -4.99500000e+02\n",
      "    8.69500000e+02   5.55000000e+01   6.84500000e+02   4.62500000e+02\n",
      "    5.18000000e+02   1.07300000e+03  -1.85000000e+01   1.18400000e+03\n",
      "   -6.66000000e+02   8.32500000e+02  -9.25000000e+02   3.14500000e+02\n",
      "   -1.07300000e+03  -2.59000000e+02  -9.80500000e+02  -9.06500000e+02]\n",
      " [ -4.62500000e+02  -9.50000000e+02  -3.75000000e+01  -1.01250000e+03\n",
      "    4.00000000e+02  -7.87500000e+02   6.25000000e+02  -3.37500000e+02\n",
      "    5.87500000e+02   3.75000000e+01   4.62500000e+02   3.12500000e+02\n",
      "    3.50000000e+02   7.25000000e+02  -1.25000000e+01   8.00000000e+02\n",
      "   -4.50000000e+02   5.62500000e+02  -6.25000000e+02   2.12500000e+02\n",
      "   -7.25000000e+02  -1.75000000e+02  -6.62500000e+02  -6.12500000e+02]\n",
      " [ -5.18000000e+02  -1.06400000e+03  -4.20000000e+01  -1.13400000e+03\n",
      "    4.48000000e+02  -8.82000000e+02   7.00000000e+02  -3.78000000e+02\n",
      "    6.58000000e+02   4.20000000e+01   5.18000000e+02   3.50000000e+02\n",
      "    3.92000000e+02   8.12000000e+02  -1.40000000e+01   8.96000000e+02\n",
      "   -5.04000000e+02   6.30000000e+02  -7.00000000e+02   2.38000000e+02\n",
      "   -8.12000000e+02  -1.96000000e+02  -7.42000000e+02  -6.86000000e+02]\n",
      " [ -1.07300000e+03  -2.20400000e+03  -8.70000000e+01  -2.34900000e+03\n",
      "    9.28000000e+02  -1.82700000e+03   1.45000000e+03  -7.83000000e+02\n",
      "    1.36300000e+03   8.70000000e+01   1.07300000e+03   7.25000000e+02\n",
      "    8.12000000e+02   1.68200000e+03  -2.90000000e+01   1.85600000e+03\n",
      "   -1.04400000e+03   1.30500000e+03  -1.45000000e+03   4.93000000e+02\n",
      "   -1.68200000e+03  -4.06000000e+02  -1.53700000e+03  -1.42100000e+03]\n",
      " [  1.85000000e+01   3.80000000e+01   1.50000000e+00   4.05000000e+01\n",
      "   -1.60000000e+01   3.15000000e+01  -2.50000000e+01   1.35000000e+01\n",
      "   -2.35000000e+01  -1.50000000e+00  -1.85000000e+01  -1.25000000e+01\n",
      "   -1.40000000e+01  -2.90000000e+01   5.00000000e-01  -3.20000000e+01\n",
      "    1.80000000e+01  -2.25000000e+01   2.50000000e+01  -8.50000000e+00\n",
      "    2.90000000e+01   7.00000000e+00   2.65000000e+01   2.45000000e+01]\n",
      " [ -1.18400000e+03  -2.43200000e+03  -9.60000000e+01  -2.59200000e+03\n",
      "    1.02400000e+03  -2.01600000e+03   1.60000000e+03  -8.64000000e+02\n",
      "    1.50400000e+03   9.60000000e+01   1.18400000e+03   8.00000000e+02\n",
      "    8.96000000e+02   1.85600000e+03  -3.20000000e+01   2.04800000e+03\n",
      "   -1.15200000e+03   1.44000000e+03  -1.60000000e+03   5.44000000e+02\n",
      "   -1.85600000e+03  -4.48000000e+02  -1.69600000e+03  -1.56800000e+03]\n",
      " [  6.66000000e+02   1.36800000e+03   5.40000000e+01   1.45800000e+03\n",
      "   -5.76000000e+02   1.13400000e+03  -9.00000000e+02   4.86000000e+02\n",
      "   -8.46000000e+02  -5.40000000e+01  -6.66000000e+02  -4.50000000e+02\n",
      "   -5.04000000e+02  -1.04400000e+03   1.80000000e+01  -1.15200000e+03\n",
      "    6.48000000e+02  -8.10000000e+02   9.00000000e+02  -3.06000000e+02\n",
      "    1.04400000e+03   2.52000000e+02   9.54000000e+02   8.82000000e+02]\n",
      " [ -8.32500000e+02  -1.71000000e+03  -6.75000000e+01  -1.82250000e+03\n",
      "    7.20000000e+02  -1.41750000e+03   1.12500000e+03  -6.07500000e+02\n",
      "    1.05750000e+03   6.75000000e+01   8.32500000e+02   5.62500000e+02\n",
      "    6.30000000e+02   1.30500000e+03  -2.25000000e+01   1.44000000e+03\n",
      "   -8.10000000e+02   1.01250000e+03  -1.12500000e+03   3.82500000e+02\n",
      "   -1.30500000e+03  -3.15000000e+02  -1.19250000e+03  -1.10250000e+03]\n",
      " [  9.25000000e+02   1.90000000e+03   7.50000000e+01   2.02500000e+03\n",
      "   -8.00000000e+02   1.57500000e+03  -1.25000000e+03   6.75000000e+02\n",
      "   -1.17500000e+03  -7.50000000e+01  -9.25000000e+02  -6.25000000e+02\n",
      "   -7.00000000e+02  -1.45000000e+03   2.50000000e+01  -1.60000000e+03\n",
      "    9.00000000e+02  -1.12500000e+03   1.25000000e+03  -4.25000000e+02\n",
      "    1.45000000e+03   3.50000000e+02   1.32500000e+03   1.22500000e+03]\n",
      " [ -3.14500000e+02  -6.46000000e+02  -2.55000000e+01  -6.88500000e+02\n",
      "    2.72000000e+02  -5.35500000e+02   4.25000000e+02  -2.29500000e+02\n",
      "    3.99500000e+02   2.55000000e+01   3.14500000e+02   2.12500000e+02\n",
      "    2.38000000e+02   4.93000000e+02  -8.50000000e+00   5.44000000e+02\n",
      "   -3.06000000e+02   3.82500000e+02  -4.25000000e+02   1.44500000e+02\n",
      "   -4.93000000e+02  -1.19000000e+02  -4.50500000e+02  -4.16500000e+02]\n",
      " [  1.07300000e+03   2.20400000e+03   8.70000000e+01   2.34900000e+03\n",
      "   -9.28000000e+02   1.82700000e+03  -1.45000000e+03   7.83000000e+02\n",
      "   -1.36300000e+03  -8.70000000e+01  -1.07300000e+03  -7.25000000e+02\n",
      "   -8.12000000e+02  -1.68200000e+03   2.90000000e+01  -1.85600000e+03\n",
      "    1.04400000e+03  -1.30500000e+03   1.45000000e+03  -4.93000000e+02\n",
      "    1.68200000e+03   4.06000000e+02   1.53700000e+03   1.42100000e+03]\n",
      " [  2.59000000e+02   5.32000000e+02   2.10000000e+01   5.67000000e+02\n",
      "   -2.24000000e+02   4.41000000e+02  -3.50000000e+02   1.89000000e+02\n",
      "   -3.29000000e+02  -2.10000000e+01  -2.59000000e+02  -1.75000000e+02\n",
      "   -1.96000000e+02  -4.06000000e+02   7.00000000e+00  -4.48000000e+02\n",
      "    2.52000000e+02  -3.15000000e+02   3.50000000e+02  -1.19000000e+02\n",
      "    4.06000000e+02   9.80000000e+01   3.71000000e+02   3.43000000e+02]\n",
      " [  9.80500000e+02   2.01400000e+03   7.95000000e+01   2.14650000e+03\n",
      "   -8.48000000e+02   1.66950000e+03  -1.32500000e+03   7.15500000e+02\n",
      "   -1.24550000e+03  -7.95000000e+01  -9.80500000e+02  -6.62500000e+02\n",
      "   -7.42000000e+02  -1.53700000e+03   2.65000000e+01  -1.69600000e+03\n",
      "    9.54000000e+02  -1.19250000e+03   1.32500000e+03  -4.50500000e+02\n",
      "    1.53700000e+03   3.71000000e+02   1.40450000e+03   1.29850000e+03]\n",
      " [  9.06500000e+02   1.86200000e+03   7.35000000e+01   1.98450000e+03\n",
      "   -7.84000000e+02   1.54350000e+03  -1.22500000e+03   6.61500000e+02\n",
      "   -1.15150000e+03  -7.35000000e+01  -9.06500000e+02  -6.12500000e+02\n",
      "   -6.86000000e+02  -1.42100000e+03   2.45000000e+01  -1.56800000e+03\n",
      "    8.82000000e+02  -1.10250000e+03   1.22500000e+03  -4.16500000e+02\n",
      "    1.42100000e+03   3.43000000e+02   1.29850000e+03   1.20050000e+03]]\n"
     ]
    },
    {
     "data": {
      "text/plain": [
       "True"
      ]
     },
     "execution_count": 183,
     "metadata": {},
     "output_type": "execute_result"
    }
   ],
   "source": [
    "sample = shape.shape[1]\n",
    "S = np.zeros((2*N,2*N))\n",
    "for i in range(0,2*N):\n",
    "    for j in range(0,2*N):\n",
    "        for n in range(0,sample):\n",
    "            S[i,j] += (shape[i][n]-shape_ave[i])*(shape[j][n]-shape_ave[j])\n",
    "\n",
    "S /= sample-1\n",
    "print(S)\n",
    "# ma = np.max(S)\n",
    "# S /= ma\n",
    "# S *= 255\n",
    "# cv2.imwrite('./Img/s.jpg' ,S)"
   ]
  },
  {
   "cell_type": "code",
   "execution_count": 184,
   "metadata": {},
   "outputs": [
    {
     "name": "stdout",
     "output_type": "stream",
     "text": [
      "固有値：[ -2.77321913e-13  -1.05383145e-13  -3.97481719e-14  -3.24866273e-14\n",
      "  -1.21541419e-14  -8.22823858e-15  -5.32895485e-15  -2.27861771e-15\n",
      "  -1.82648470e-15  -3.62377829e-16  -2.55680136e-16  -4.04576585e-18\n",
      "  -1.27881748e-31   3.55289904e-17   3.73097134e-16   1.45722149e-15\n",
      "   3.65668895e-15   5.87113260e-15   7.70050459e-15   1.98394856e-14\n",
      "   2.97155500e-14   4.52535749e-14   2.35885580e-13   1.91508459e+03]\n",
      "固有ベクトル：[[ -8.40611905e-01   4.96576638e-01  -4.95639390e-02   4.03534696e-02\n",
      "    5.71016424e-02  -1.41845284e-02  -2.64378315e-02  -1.89199366e-02\n",
      "   -6.68320687e-03  -1.56454836e-03   3.04247262e-03   5.23760759e-03\n",
      "   -3.48238337e-16  -3.13928370e-03  -4.04398558e-03   1.58087223e-02\n",
      "   -1.91514902e-02  -2.98177086e-02  -4.19454831e-02   4.14930313e-02\n",
      "   -3.01880703e-02  -1.18964083e-02  -6.51644341e-02   1.66683578e-01]\n",
      " [  3.78974571e-01   4.02189228e-01  -6.67574129e-02   1.35661542e-01\n",
      "    1.26157042e-02   3.99084931e-03  -1.47969537e-02  -3.32014285e-02\n",
      "   -1.50910857e-02  -9.75071765e-03   1.22375333e-02   3.44888570e-03\n",
      "   -2.40577115e-16  -1.41519816e-03  -6.69543817e-03   1.19090678e-02\n",
      "   -1.36102881e-02   8.49077795e-03  -2.17368819e-03   8.74872185e-02\n",
      "    3.55549747e-02  -2.23789078e-02  -7.36674210e-01   3.42377079e-01]\n",
      " [ -1.69939421e-04  -7.05412151e-03   6.14222184e-03  -6.61616209e-03\n",
      "   -3.55534112e-02  -5.53812567e-02  -8.58745720e-04   5.22157035e-02\n",
      "    1.01579968e-02  -1.73466533e-01  -2.23014630e-01   8.79840377e-01\n",
      "   -5.50800914e-14   3.34004550e-01  -1.42216535e-01  -7.64398766e-02\n",
      "   -1.45074651e-02   1.07550706e-02  -1.86802978e-02   1.42659674e-02\n",
      "   -3.56611129e-03  -7.63112156e-03   1.44121173e-03   1.35148847e-02]\n",
      " [  8.19903152e-02  -2.75540202e-02  -4.58579698e-01  -3.41158086e-01\n",
      "    6.60206358e-02  -2.84728981e-02  -2.02489078e-01   1.00671085e-01\n",
      "    3.74508528e-02  -4.07720788e-02  -2.99601090e-02  -2.34082557e-02\n",
      "    1.42402834e-15  -2.48176250e-02  -5.38314411e-03   2.79709940e-02\n",
      "    5.93089251e-02   3.56869961e-02  -1.30978055e-01  -5.19223343e-02\n",
      "   -2.74772875e-01  -5.83209563e-01   1.73670098e-01   3.64901887e-01]\n",
      " [  5.40730455e-02   1.50817206e-01   1.23653036e-01  -1.98987594e-01\n",
      "   -6.48876096e-02  -1.64094990e-02  -1.63296410e-02  -2.07854079e-01\n",
      "   -1.31779588e-01   3.97378309e-01  -6.53475247e-01  -5.63033122e-03\n",
      "    7.48770333e-16  -5.99007807e-03   2.70291009e-01   2.97041613e-01\n",
      "    3.54767264e-02   6.12362254e-02   1.07824119e-01   1.47679976e-01\n",
      "   -2.19102542e-01  -2.44763718e-02   1.57265673e-04  -1.44158770e-01]\n",
      " [ -4.67069785e-02  -8.56845288e-02   4.00848789e-01   1.80988966e-02\n",
      "    1.21875138e-01  -6.45681056e-02   2.86557349e-01   1.34090183e-01\n",
      "    2.13735446e-02  -1.17039663e-02  -1.54174133e-02  -1.62266684e-02\n",
      "    1.19357459e-15   3.36256801e-02   1.16314139e-01  -1.05669545e-01\n",
      "    5.86316404e-02   2.73306733e-01   1.33409256e-01  -5.55112852e-01\n",
      "   -4.39902278e-01   1.41109817e-02  -7.13135660e-02   2.83812579e-01]\n",
      " [  9.44541632e-02   1.95776220e-01  -2.11069345e-01   5.78658140e-01\n",
      "   -3.14953668e-02  -1.88686470e-01   1.91575752e-01  -4.50073902e-02\n",
      "   -1.09345578e-03   2.89408009e-01  -7.49773995e-02  -3.01759579e-02\n",
      "    2.22382588e-15   2.80178023e-02  -1.92275504e-01  -3.46339288e-01\n",
      "    2.46167592e-01  -8.93881356e-02   2.72794543e-02  -3.14036905e-02\n",
      "   -2.08960363e-01  -2.49364549e-01   1.52098800e-01  -2.25248078e-01]\n",
      " [  6.15030786e-02   1.25763733e-01  -1.55431672e-02   2.35656276e-01\n",
      "   -3.89997505e-01   2.16284718e-01  -1.83143256e-03   6.62479220e-02\n",
      "    2.02245509e-01  -1.51328095e-01  -8.96953984e-02  -8.01122680e-03\n",
      "    2.41487402e-16  -5.17949622e-02  -1.93977405e-01   5.95213091e-01\n",
      "    2.64985226e-01  -1.94431045e-01  -1.71117408e-02  -3.22314814e-01\n",
      "    3.36575528e-02   4.96897644e-02   1.55748756e-01   1.21633962e-01]\n",
      " [ -3.74307479e-02   3.26050903e-02  -2.95875122e-02  -5.87651953e-02\n",
      "    7.84645704e-02   8.69909867e-03  -3.13858655e-01   7.94363566e-02\n",
      "   -2.51978454e-01  -2.94751319e-01   6.64556236e-03  -1.02470259e-02\n",
      "    1.90991705e-16  -7.51212735e-02   3.11296677e-02  -5.21832578e-02\n",
      "    7.21859041e-01   3.17753236e-01   1.96367077e-01   4.10696149e-02\n",
      "    2.85492963e-03   6.74728189e-02  -1.03030629e-01  -2.11733194e-01]\n",
      " [ -1.04520511e-02  -8.54376361e-03   1.96995664e-03  -1.40069283e-02\n",
      "    4.12236070e-02   5.35555145e-02  -8.31064793e-02   3.48852643e-03\n",
      "   -1.79345265e-02  -1.07032091e-01  -1.35422060e-01  -4.09331595e-01\n",
      "    2.82914361e-14   8.63241029e-01  -2.00446107e-01   1.23637545e-02\n",
      "   -3.21104450e-02   3.17543124e-02   4.85839075e-02   2.86516359e-03\n",
      "    7.05174470e-03   3.12801913e-03  -1.71894990e-02  -1.35148847e-02]\n",
      " [  1.04166858e-01   1.70733550e-01   8.44615393e-03   3.53209438e-02\n",
      "    4.14547063e-01  -6.41820687e-01  -2.02904248e-01  -1.35153324e-01\n",
      "   -7.50492571e-02  -9.80836013e-02   4.45919736e-02   1.20466726e-02\n",
      "   -8.48275183e-16  -1.22562528e-02  -3.47488248e-02   3.24743846e-01\n",
      "   -1.40103853e-01  -5.63403296e-02  -2.47375132e-02  -3.34863524e-01\n",
      "    1.51578702e-01  -1.73962671e-02   6.81703035e-02  -1.66683578e-01]\n",
      " [  4.54398696e-02   9.21148707e-02  -1.26812505e-01   2.69056562e-01\n",
      "   -7.66972774e-02   1.02752610e-01   8.07799211e-02   1.70459146e-01\n",
      "   -3.48161344e-01  -5.45219831e-01  -1.86422012e-01  -7.23743157e-02\n",
      "    4.02707222e-15  -1.82101648e-02   4.95847132e-01  -5.16889226e-02\n",
      "   -2.86000545e-01  -1.50820833e-01   3.51121529e-02  -3.10551766e-02\n",
      "   -8.03564781e-02  -9.91747829e-02   7.67952564e-02  -1.12624039e-01]\n",
      " [  3.76945628e-02   8.61759445e-02  -9.74105233e-03   6.63438107e-02\n",
      "    3.15463668e-01   4.40528422e-01   1.94982589e-01  -4.36284335e-01\n",
      "   -6.64553272e-02  -2.13131923e-01  -5.10507233e-02   1.85100924e-02\n",
      "   -1.92841729e-15  -1.55921600e-01  -3.57367323e-01   1.11951020e-01\n",
      "   -1.98242560e-01   3.77959211e-01   6.50708710e-02  -9.12007803e-03\n",
      "    1.15146131e-03  -2.01510330e-01   6.61501625e-02  -1.26138924e-01]\n",
      " [ -1.89403841e-01  -2.92161628e-01  -5.56924413e-02  -4.08241718e-02\n",
      "   -1.03927919e-01   6.59294380e-02   1.95658924e-01   4.20303231e-02\n",
      "   -4.93308852e-01   2.00392338e-01   1.67703628e-01   6.45735971e-02\n",
      "   -3.69182527e-15   7.90555756e-02  -6.31999171e-02   2.33772197e-01\n",
      "    5.28753101e-02  -9.45790448e-02  -2.95908207e-01  -2.05101511e-01\n",
      "    2.50442810e-02  -2.76181694e-01  -3.89307441e-01  -2.61287771e-01]\n",
      " [ -1.77245553e-03  -4.72596417e-03  -4.76897351e-03   4.94461041e-03\n",
      "    2.83950500e-03   1.33772241e-03  -1.14550099e-03  -6.59695723e-05\n",
      "    2.65156440e-04   3.19861937e-03  -5.19598299e-03  -3.00686793e-05\n",
      "    9.99877952e-01  -5.66552412e-06   3.26986155e-03  -7.76738551e-04\n",
      "    6.13101772e-04   4.15581106e-03  -1.36168682e-03  -3.46587440e-03\n",
      "    7.56728763e-03   1.59193136e-03  -2.04293143e-04   4.50496157e-03]\n",
      " [  1.13437154e-01   3.02461707e-01   3.05214305e-01  -3.16455066e-01\n",
      "   -1.81728320e-01  -8.56142342e-02   7.33120633e-02   4.22205263e-03\n",
      "   -1.69700121e-02  -2.04711640e-01   3.32542911e-01   1.92439548e-03\n",
      "    1.56230930e-02   3.62593544e-04  -2.09271139e-01   4.97112673e-02\n",
      "   -3.92385134e-02  -2.65971908e-01   8.71479568e-02   2.21815962e-01\n",
      "   -4.84306408e-01  -1.01883607e-01   1.30747612e-02  -2.88317540e-01]\n",
      " [  2.75210125e-02  -7.50509961e-02   1.25175121e-01   3.52426937e-02\n",
      "    5.87610287e-01   5.88249882e-02   3.91140249e-01   2.37111192e-01\n",
      "    2.88739205e-03  -5.73145695e-02  -9.04547057e-02  -8.42840463e-03\n",
      "    5.31332890e-16   1.17864866e-02   1.08975481e-02   1.97109067e-01\n",
      "    3.04287076e-01  -3.42115614e-01  -1.05337987e-01   3.38986804e-01\n",
      "    3.10561442e-02  -1.34513462e-02   7.06767537e-02   1.62178616e-01]\n",
      " [  4.00660302e-02   1.53629903e-01  -5.97645209e-01  -3.40306407e-01\n",
      "    3.68392640e-02  -1.86453563e-02   4.62685363e-01   6.13222328e-02\n",
      "    1.03994290e-01  -1.28063226e-02   4.63457286e-03  -1.39845637e-03\n",
      "    2.16974524e-16   3.86468913e-02   2.54452948e-02   4.74224286e-03\n",
      "    3.24236595e-02   4.33534292e-02   7.84482637e-02  -1.88412730e-01\n",
      "   -6.22307350e-02   4.20718225e-01  -5.03793623e-02  -2.02723271e-01]\n",
      " [  6.50209452e-02   5.94148670e-02   3.07875246e-02  -1.92902432e-01\n",
      "    6.53250798e-02   1.91026027e-01  -1.06465544e-01  -4.27403808e-01\n",
      "   -3.49134944e-01   2.12416213e-02  -5.71605927e-02   1.25899376e-02\n",
      "   -1.10703014e-15  -1.55930846e-02  -6.57841313e-02  -3.20969896e-01\n",
      "    1.46022228e-01  -5.25308466e-01   4.23316660e-02  -3.04497095e-01\n",
      "    5.76492506e-02   1.67430574e-01   1.09890910e-01   2.25248078e-01]\n",
      " [  5.10381355e-04   3.86157262e-02  -6.85394635e-02   1.85884026e-02\n",
      "    2.00698760e-01   2.43006199e-01  -2.44225523e-01   5.07336853e-01\n",
      "   -1.51819178e-01   2.73828212e-01  -4.64619100e-03   5.99029492e-02\n",
      "   -3.75778831e-15  -8.09943523e-02  -2.25639095e-01   4.96131059e-02\n",
      "   -2.37890216e-01  -1.38573556e-01   5.66508737e-01  -1.10366349e-01\n",
      "   -1.64080636e-04  -4.60288737e-03  -2.69721043e-02  -7.65843467e-02]\n",
      " [  1.83333437e-01   2.69640837e-01   2.19634494e-02   4.05788833e-02\n",
      "   -7.96234661e-02  -1.04964342e-02   4.32977479e-02   1.79138586e-01\n",
      "   -5.26932462e-01   1.93713714e-01   2.01250357e-01   3.83706762e-02\n",
      "   -1.97252567e-15   6.74431315e-02  -7.91744873e-02   9.59351170e-02\n",
      "   -5.20536020e-02   3.22333336e-01  -2.55485602e-01   1.31243021e-01\n",
      "   -1.28204198e-03   2.61471345e-01   3.84986342e-01   2.61287771e-01]\n",
      " [ -6.12518973e-02  -1.18589500e-01   4.74298816e-02  -1.04022876e-01\n",
      "   -1.51147733e-01  -2.67015154e-01   6.50394223e-02   2.22767312e-01\n",
      "   -1.41306305e-01  -2.20734502e-01  -4.94708995e-01  -2.00410027e-01\n",
      "    1.17305297e-14  -2.94979170e-01  -5.33513456e-01  -1.72636844e-01\n",
      "   -1.01536132e-01   2.48467667e-03  -1.69845980e-01   3.75903847e-02\n",
      "    2.72066579e-02   1.02422332e-01  -1.01421624e-01   6.30694620e-02]\n",
      " [ -1.24471501e-01  -4.03051246e-01  -2.56475934e-01   2.60525737e-01\n",
      "   -7.79634892e-03  -1.83030277e-01  -7.85078343e-02  -2.82879690e-01\n",
      "   -1.52513510e-01  -6.29367291e-02   1.01515763e-01   2.88445029e-02\n",
      "   -2.00198688e-15  -1.18254913e-02  -8.84042283e-02   2.31577670e-01\n",
      "   -6.56305620e-02  -5.03907393e-02   2.58607171e-01   2.50891059e-01\n",
      "   -4.36720068e-01   2.79623595e-01  -7.82519683e-02   2.38762963e-01]\n",
      " [ -3.43421455e-02  -8.75221537e-03   3.97364330e-02  -1.21485877e-01\n",
      "   -2.63490912e-01  -2.71380627e-01   3.92287276e-01  -1.02584121e-01\n",
      "   -1.55306610e-01  -4.04389949e-02   6.90608863e-02  -1.33757161e-02\n",
      "    8.73442749e-16   3.42122224e-02   6.58831433e-03   4.12326155e-02\n",
      "    6.44394296e-02   4.93736235e-02   5.54202399e-01   9.91988215e-02\n",
      "    4.14292107e-01  -2.99105314e-01   8.88839429e-02   2.20743117e-01]]\n",
      "[ -2.77321913e-13  -1.05383145e-13  -3.97481719e-14  -3.24866273e-14\n",
      "  -1.21541419e-14  -8.22823858e-15  -5.32895485e-15  -2.27861771e-15\n",
      "  -1.82648470e-15  -3.62377829e-16  -2.55680136e-16  -4.04576585e-18\n",
      "  -1.27881748e-31   3.55289904e-17   3.73097134e-16   1.45722149e-15\n",
      "   3.65668895e-15   5.87113260e-15   7.70050459e-15   1.98394856e-14\n",
      "   2.97155500e-14   4.52535749e-14   2.35885580e-13   1.91508459e+03]\n"
     ]
    }
   ],
   "source": [
    "la, v = np.linalg.eigh(S)\n",
    "print(u\"固有値：\"+str(la))\n",
    "print(u\"固有ベクトル：\"+str(v))\n",
    "# la[la<10**(-20)] = 0 #小さすぎる値は0 として近似\n",
    "print(la) #最終的な固有値"
   ]
  },
  {
   "cell_type": "code",
   "execution_count": 185,
   "metadata": {},
   "outputs": [
    {
     "name": "stdout",
     "output_type": "stream",
     "text": [
      "[  1.91508459e+03   2.35885580e-13   4.52535749e-14   2.97155500e-14\n",
      "   1.98394856e-14   7.70050459e-15   5.87113260e-15   3.65668895e-15\n",
      "   1.45722149e-15   3.73097134e-16   3.55289904e-17  -1.27881748e-31\n",
      "  -4.04576585e-18  -2.55680136e-16  -3.62377829e-16  -1.82648470e-15\n",
      "  -2.27861771e-15  -5.32895485e-15  -8.22823858e-15  -1.21541419e-14\n",
      "  -3.24866273e-14  -3.97481719e-14  -1.05383145e-13  -2.77321913e-13]\n",
      "[[  1.66683578e-01  -6.51644341e-02  -1.18964083e-02  -3.01880703e-02\n",
      "    4.14930313e-02  -4.19454831e-02  -2.98177086e-02  -1.91514902e-02\n",
      "    1.58087223e-02  -4.04398558e-03  -3.13928370e-03  -3.48238337e-16\n",
      "    5.23760759e-03   3.04247262e-03  -1.56454836e-03  -6.68320687e-03\n",
      "   -1.89199366e-02  -2.64378315e-02  -1.41845284e-02   5.71016424e-02\n",
      "    4.03534696e-02  -4.95639390e-02   4.96576638e-01  -8.40611905e-01]\n",
      " [  3.42377079e-01  -7.36674210e-01  -2.23789078e-02   3.55549747e-02\n",
      "    8.74872185e-02  -2.17368819e-03   8.49077795e-03  -1.36102881e-02\n",
      "    1.19090678e-02  -6.69543817e-03  -1.41519816e-03  -2.40577115e-16\n",
      "    3.44888570e-03   1.22375333e-02  -9.75071765e-03  -1.50910857e-02\n",
      "   -3.32014285e-02  -1.47969537e-02   3.99084931e-03   1.26157042e-02\n",
      "    1.35661542e-01  -6.67574129e-02   4.02189228e-01   3.78974571e-01]\n",
      " [  1.35148847e-02   1.44121173e-03  -7.63112156e-03  -3.56611129e-03\n",
      "    1.42659674e-02  -1.86802978e-02   1.07550706e-02  -1.45074651e-02\n",
      "   -7.64398766e-02  -1.42216535e-01   3.34004550e-01  -5.50800914e-14\n",
      "    8.79840377e-01  -2.23014630e-01  -1.73466533e-01   1.01579968e-02\n",
      "    5.22157035e-02  -8.58745720e-04  -5.53812567e-02  -3.55534112e-02\n",
      "   -6.61616209e-03   6.14222184e-03  -7.05412151e-03  -1.69939421e-04]\n",
      " [  3.64901887e-01   1.73670098e-01  -5.83209563e-01  -2.74772875e-01\n",
      "   -5.19223343e-02  -1.30978055e-01   3.56869961e-02   5.93089251e-02\n",
      "    2.79709940e-02  -5.38314411e-03  -2.48176250e-02   1.42402834e-15\n",
      "   -2.34082557e-02  -2.99601090e-02  -4.07720788e-02   3.74508528e-02\n",
      "    1.00671085e-01  -2.02489078e-01  -2.84728981e-02   6.60206358e-02\n",
      "   -3.41158086e-01  -4.58579698e-01  -2.75540202e-02   8.19903152e-02]\n",
      " [ -1.44158770e-01   1.57265673e-04  -2.44763718e-02  -2.19102542e-01\n",
      "    1.47679976e-01   1.07824119e-01   6.12362254e-02   3.54767264e-02\n",
      "    2.97041613e-01   2.70291009e-01  -5.99007807e-03   7.48770333e-16\n",
      "   -5.63033122e-03  -6.53475247e-01   3.97378309e-01  -1.31779588e-01\n",
      "   -2.07854079e-01  -1.63296410e-02  -1.64094990e-02  -6.48876096e-02\n",
      "   -1.98987594e-01   1.23653036e-01   1.50817206e-01   5.40730455e-02]\n",
      " [  2.83812579e-01  -7.13135660e-02   1.41109817e-02  -4.39902278e-01\n",
      "   -5.55112852e-01   1.33409256e-01   2.73306733e-01   5.86316404e-02\n",
      "   -1.05669545e-01   1.16314139e-01   3.36256801e-02   1.19357459e-15\n",
      "   -1.62266684e-02  -1.54174133e-02  -1.17039663e-02   2.13735446e-02\n",
      "    1.34090183e-01   2.86557349e-01  -6.45681056e-02   1.21875138e-01\n",
      "    1.80988966e-02   4.00848789e-01  -8.56845288e-02  -4.67069785e-02]\n",
      " [ -2.25248078e-01   1.52098800e-01  -2.49364549e-01  -2.08960363e-01\n",
      "   -3.14036905e-02   2.72794543e-02  -8.93881356e-02   2.46167592e-01\n",
      "   -3.46339288e-01  -1.92275504e-01   2.80178023e-02   2.22382588e-15\n",
      "   -3.01759579e-02  -7.49773995e-02   2.89408009e-01  -1.09345578e-03\n",
      "   -4.50073902e-02   1.91575752e-01  -1.88686470e-01  -3.14953668e-02\n",
      "    5.78658140e-01  -2.11069345e-01   1.95776220e-01   9.44541632e-02]\n",
      " [  1.21633962e-01   1.55748756e-01   4.96897644e-02   3.36575528e-02\n",
      "   -3.22314814e-01  -1.71117408e-02  -1.94431045e-01   2.64985226e-01\n",
      "    5.95213091e-01  -1.93977405e-01  -5.17949622e-02   2.41487402e-16\n",
      "   -8.01122680e-03  -8.96953984e-02  -1.51328095e-01   2.02245509e-01\n",
      "    6.62479220e-02  -1.83143256e-03   2.16284718e-01  -3.89997505e-01\n",
      "    2.35656276e-01  -1.55431672e-02   1.25763733e-01   6.15030786e-02]\n",
      " [ -2.11733194e-01  -1.03030629e-01   6.74728189e-02   2.85492963e-03\n",
      "    4.10696149e-02   1.96367077e-01   3.17753236e-01   7.21859041e-01\n",
      "   -5.21832578e-02   3.11296677e-02  -7.51212735e-02   1.90991705e-16\n",
      "   -1.02470259e-02   6.64556236e-03  -2.94751319e-01  -2.51978454e-01\n",
      "    7.94363566e-02  -3.13858655e-01   8.69909867e-03   7.84645704e-02\n",
      "   -5.87651953e-02  -2.95875122e-02   3.26050903e-02  -3.74307479e-02]\n",
      " [ -1.35148847e-02  -1.71894990e-02   3.12801913e-03   7.05174470e-03\n",
      "    2.86516359e-03   4.85839075e-02   3.17543124e-02  -3.21104450e-02\n",
      "    1.23637545e-02  -2.00446107e-01   8.63241029e-01   2.82914361e-14\n",
      "   -4.09331595e-01  -1.35422060e-01  -1.07032091e-01  -1.79345265e-02\n",
      "    3.48852643e-03  -8.31064793e-02   5.35555145e-02   4.12236070e-02\n",
      "   -1.40069283e-02   1.96995664e-03  -8.54376361e-03  -1.04520511e-02]\n",
      " [ -1.66683578e-01   6.81703035e-02  -1.73962671e-02   1.51578702e-01\n",
      "   -3.34863524e-01  -2.47375132e-02  -5.63403296e-02  -1.40103853e-01\n",
      "    3.24743846e-01  -3.47488248e-02  -1.22562528e-02  -8.48275183e-16\n",
      "    1.20466726e-02   4.45919736e-02  -9.80836013e-02  -7.50492571e-02\n",
      "   -1.35153324e-01  -2.02904248e-01  -6.41820687e-01   4.14547063e-01\n",
      "    3.53209438e-02   8.44615393e-03   1.70733550e-01   1.04166858e-01]\n",
      " [ -1.12624039e-01   7.67952564e-02  -9.91747829e-02  -8.03564781e-02\n",
      "   -3.10551766e-02   3.51121529e-02  -1.50820833e-01  -2.86000545e-01\n",
      "   -5.16889226e-02   4.95847132e-01  -1.82101648e-02   4.02707222e-15\n",
      "   -7.23743157e-02  -1.86422012e-01  -5.45219831e-01  -3.48161344e-01\n",
      "    1.70459146e-01   8.07799211e-02   1.02752610e-01  -7.66972774e-02\n",
      "    2.69056562e-01  -1.26812505e-01   9.21148707e-02   4.54398696e-02]\n",
      " [ -1.26138924e-01   6.61501625e-02  -2.01510330e-01   1.15146131e-03\n",
      "   -9.12007803e-03   6.50708710e-02   3.77959211e-01  -1.98242560e-01\n",
      "    1.11951020e-01  -3.57367323e-01  -1.55921600e-01  -1.92841729e-15\n",
      "    1.85100924e-02  -5.10507233e-02  -2.13131923e-01  -6.64553272e-02\n",
      "   -4.36284335e-01   1.94982589e-01   4.40528422e-01   3.15463668e-01\n",
      "    6.63438107e-02  -9.74105233e-03   8.61759445e-02   3.76945628e-02]\n",
      " [ -2.61287771e-01  -3.89307441e-01  -2.76181694e-01   2.50442810e-02\n",
      "   -2.05101511e-01  -2.95908207e-01  -9.45790448e-02   5.28753101e-02\n",
      "    2.33772197e-01  -6.31999171e-02   7.90555756e-02  -3.69182527e-15\n",
      "    6.45735971e-02   1.67703628e-01   2.00392338e-01  -4.93308852e-01\n",
      "    4.20303231e-02   1.95658924e-01   6.59294380e-02  -1.03927919e-01\n",
      "   -4.08241718e-02  -5.56924413e-02  -2.92161628e-01  -1.89403841e-01]\n",
      " [  4.50496157e-03  -2.04293143e-04   1.59193136e-03   7.56728763e-03\n",
      "   -3.46587440e-03  -1.36168682e-03   4.15581106e-03   6.13101772e-04\n",
      "   -7.76738551e-04   3.26986155e-03  -5.66552412e-06   9.99877952e-01\n",
      "   -3.00686793e-05  -5.19598299e-03   3.19861937e-03   2.65156440e-04\n",
      "   -6.59695723e-05  -1.14550099e-03   1.33772241e-03   2.83950500e-03\n",
      "    4.94461041e-03  -4.76897351e-03  -4.72596417e-03  -1.77245553e-03]\n",
      " [ -2.88317540e-01   1.30747612e-02  -1.01883607e-01  -4.84306408e-01\n",
      "    2.21815962e-01   8.71479568e-02  -2.65971908e-01  -3.92385134e-02\n",
      "    4.97112673e-02  -2.09271139e-01   3.62593544e-04   1.56230930e-02\n",
      "    1.92439548e-03   3.32542911e-01  -2.04711640e-01  -1.69700121e-02\n",
      "    4.22205263e-03   7.33120633e-02  -8.56142342e-02  -1.81728320e-01\n",
      "   -3.16455066e-01   3.05214305e-01   3.02461707e-01   1.13437154e-01]\n",
      " [  1.62178616e-01   7.06767537e-02  -1.34513462e-02   3.10561442e-02\n",
      "    3.38986804e-01  -1.05337987e-01  -3.42115614e-01   3.04287076e-01\n",
      "    1.97109067e-01   1.08975481e-02   1.17864866e-02   5.31332890e-16\n",
      "   -8.42840463e-03  -9.04547057e-02  -5.73145695e-02   2.88739205e-03\n",
      "    2.37111192e-01   3.91140249e-01   5.88249882e-02   5.87610287e-01\n",
      "    3.52426937e-02   1.25175121e-01  -7.50509961e-02   2.75210125e-02]\n",
      " [ -2.02723271e-01  -5.03793623e-02   4.20718225e-01  -6.22307350e-02\n",
      "   -1.88412730e-01   7.84482637e-02   4.33534292e-02   3.24236595e-02\n",
      "    4.74224286e-03   2.54452948e-02   3.86468913e-02   2.16974524e-16\n",
      "   -1.39845637e-03   4.63457286e-03  -1.28063226e-02   1.03994290e-01\n",
      "    6.13222328e-02   4.62685363e-01  -1.86453563e-02   3.68392640e-02\n",
      "   -3.40306407e-01  -5.97645209e-01   1.53629903e-01   4.00660302e-02]\n",
      " [  2.25248078e-01   1.09890910e-01   1.67430574e-01   5.76492506e-02\n",
      "   -3.04497095e-01   4.23316660e-02  -5.25308466e-01   1.46022228e-01\n",
      "   -3.20969896e-01  -6.57841313e-02  -1.55930846e-02  -1.10703014e-15\n",
      "    1.25899376e-02  -5.71605927e-02   2.12416213e-02  -3.49134944e-01\n",
      "   -4.27403808e-01  -1.06465544e-01   1.91026027e-01   6.53250798e-02\n",
      "   -1.92902432e-01   3.07875246e-02   5.94148670e-02   6.50209452e-02]\n",
      " [ -7.65843467e-02  -2.69721043e-02  -4.60288737e-03  -1.64080636e-04\n",
      "   -1.10366349e-01   5.66508737e-01  -1.38573556e-01  -2.37890216e-01\n",
